Scene: Untitled
Entities:
  - Entity: 3467840383856575070
    TagComponent:
      Tag: Camera
    TransformComponent:
      Translation: [-0.0490390062, 0, 4.28390551]
      Rotation: [0, 0, 0]
      Scale: [1, 1, 1]
    CameraComponent:
      Camera:
        ProjectionType: 0
        PerspectiveFOV: 0.785398185
        PerspectiveNear: 0.00999999978
        PerspectiveFar: 1000
        OrthographicSize: 10
        OrthographicNear: -1
        OrthographicFar: 1
      Primary: true
      FixedAspectRatio: false
  - Entity: 17436494431229083589
    TagComponent:
      Tag: 1
    TransformComponent:
      Translation: [-0.763278484, 0, 0]
      Rotation: [0, 0, 0]
      Scale: [1, 1, 1]
    SpriteRendererComponent:
      Color: [1, 1, 1, 1]
  - Entity: 2296302488043364686
    TagComponent:
      Tag: 2
    TransformComponent:
      Translation: [0, 0, 0]
      Rotation: [0, 0, 0]
      Scale: [1, 1, 1]
    SpriteRendererComponent:
      Color: [0.953667939, 0.0957349911, 0.0957349911, 1]
  - Entity: 8170761296577628501
    TagComponent:
      Tag: 3
    TransformComponent:
      Translation: [1.29999995, 0, 0]
      Rotation: [0, 0, 0]
      Scale: [1, 1, 1]
    SpriteRendererComponent:
      Color: [0.0341974497, 0, 0.119691133, 1]